[gd_scene load_steps=8 format=3 uid="uid://kukr7yuoefbq"]

[ext_resource type="PackedScene" uid="uid://dl5miopsl5xpv" path="res://scenes/spawner.tscn" id="1_aygvt"]
[ext_resource type="Script" path="res://scripts/game.gd" id="1_ybh72"]
[ext_resource type="PackedScene" uid="uid://dyldi8104486i" path="res://scenes/trail.tscn" id="3_nnxak"]
[ext_resource type="PackedScene" uid="uid://dmhnak5hwtqcb" path="res://scenes/destroyer.tscn" id="4_pxjyh"]
[ext_resource type="Script" path="res://scripts/score.gd" id="5_gjvsx"]
[ext_resource type="Script" path="res://scripts/game_state.gd" id="6_8jga8"]

[sub_resource type="GDScript" id="GDScript_60wcl"]
script/source = "extends CanvasLayer


# Called when the node enters the scene tree for the first time.
func _ready() -> void:
	pass # Replace with function body.


# Called every frame. 'delta' is the elapsed time since the previous frame.
func _process(delta: float) -> void:
	pass
"

[node name="game" type="Node3D" node_paths=PackedStringArray("camera", "trail", "score")]
script = ExtResource("1_ybh72")
pop_timeout = 0.05
camera = NodePath("camera")
trail = NodePath("trail")
score = NodePath("score")

[node name="sun" type="DirectionalLight3D" parent="."]
transform = Transform3D(0.866025, -0.25, 0.433013, 0, 0.866025, 0.5, -0.5, -0.433013, 0.75, 0, 2, 2)
light_color = Color(1, 0.804235, 0.763382, 1)
light_energy = 0.5
light_bake_mode = 0
sky_mode = 1

[node name="sun2" type="DirectionalLight3D" parent="."]
transform = Transform3D(0.866025, 0.25, -0.433013, 0, 0.866025, 0.5, 0.5, -0.433013, 0.75, 0, 2, 2)
light_color = Color(1, 0.804235, 0.763382, 1)
light_energy = 0.5
light_bake_mode = 0
sky_mode = 1

[node name="sun3" type="DirectionalLight3D" parent="."]
transform = Transform3D(0.866025, 0.25, -0.433013, -0.433013, 0.808013, -0.399519, 0.25, 0.533494, 0.808013, 0, 2, 2)
light_color = Color(1, 0.804235, 0.763382, 1)
light_energy = 0.5
light_bake_mode = 0
sky_mode = 1

[node name="sun4" type="DirectionalLight3D" parent="."]
transform = Transform3D(0.649519, 0.587019, 0.483253, -0.433013, 0.808013, -0.399519, -0.625, 0.0502405, 0.779007, 0, 2, 2)
light_color = Color(1, 0.804235, 0.763382, 1)
light_energy = 0.5
light_bake_mode = 0
sky_mode = 1

[node name="camera" type="Camera3D" parent="."]
transform = Transform3D(1, 0, 0, 0, 1, 0, 0, 0, 1, 0, 0, 1)
projection = 1

[node name="spawner1" parent="." instance=ExtResource("1_aygvt")]
transform = Transform3D(1, 0, 0, 0, 1, 0, 0, 0, 1, 0, -1, 0)

[node name="trail" parent="." node_paths=PackedStringArray("game") instance=ExtResource("3_nnxak")]
game = NodePath("..")

[node name="destroyer" parent="." instance=ExtResource("4_pxjyh")]
transform = Transform3D(1, 0, 0, 0, 1, 0, 0, 0, 1, 0, -1.25, 0)

[node name="score" type="Label" parent="."]
offset_left = 20.0
offset_top = 20.0
offset_right = 73.0
offset_bottom = 43.0
text = "0"
script = ExtResource("5_gjvsx")

[node name="reset" type="Button" parent="."]
process_mode = 3
offset_left = 20.0
offset_top = 60.0
offset_right = 80.0
offset_bottom = 96.0
text = "RESET"

[node name="menu" type="Button" parent="."]
process_mode = 3
offset_left = 20.0
offset_top = 180.0
offset_right = 80.0
offset_bottom = 216.0
text = "MENU
"

[node name="pause" type="Button" parent="."]
process_mode = 3
offset_left = 20.0
offset_top = 120.0
offset_right = 80.0
offset_bottom = 156.0
text = "PAUSE
"

[node name="MainMenu" type="CanvasLayer" parent="."]
process_mode = 3
script = SubResource("GDScript_60wcl")

[node name="background" type="ColorRect" parent="MainMenu"]
offset_right = 1177.0
offset_bottom = 685.0
color = Color(0.314316, 0.314316, 0.314316, 1)

[node name="menu" type="Label" parent="MainMenu"]
offset_left = 525.0
offset_top = 52.0
offset_right = 636.0
offset_bottom = 109.0
theme_override_font_sizes/font_size = 40
text = "Menu"
horizontal_alignment = 1
vertical_alignment = 1

[node name="start" type="Button" parent="MainMenu"]
offset_left = 69.0
offset_top = 100.0
offset_right = 213.0
offset_bottom = 178.0
text = "Start"
script = ExtResource("6_8jga8")

[connection signal="pressed" from="reset" to="score" method="reset"]
[connection signal="pressed" from="menu" to="." method="_open_menu"]
[connection signal="pressed" from="pause" to="." method="_pause_game"]
[connection signal="visibility_changed" from="MainMenu" to="." method="_on_start_button_pressed"]
[connection signal="pressed" from="MainMenu/start" to="." method="_start_game"]
